1% mutation probability
8 549 637.298171 100
9 645 736.223846 100
10 2361 1972.801825 100
11 4633 4393.975787 94
12 7761 5431.773608 92
13 8082 5424.008754 60
14 7736 5589.839108 34
15 10370 6913.055258 20
16 7274 6177.662503 10
17 5516 4016.174175 6
18 1028 -nan 2
19 12740 -nan 2
20 6443 -nan 2
21 0 0.000000 0
22 0 0.000000 0
23 0 0.000000 0
24 0 0.000000 0
25 0 0.000000 0
26 0 0.000000 0
27 0 0.000000 0
28 0 0.000000 0
29 0 0.000000 0
30 0 0.000000 0
5% mutation probability
8 91 110.766716 100
9 133 157.514884 100
10 546 534.398059 100
11 1567 1439.027159 100
12 2434 2129.123581 100
13 3881 4098.713208 100
14 8039 5114.663673 88
15 8845 6169.379693 50
16 7920 5622.932379 28
17 9483 7657.712942 14
18 9319 4566.495593 4
19 0 0.000000 0
20 0 0.000000 0
21 0 0.000000 0
22 0 0.000000 0
23 0 0.000000 0
24 0 0.000000 0
25 0 0.000000 0
26 0 0.000000 0
27 0 0.000000 0
28 0 0.000000 0
29 0 0.000000 0
30 0 0.000000 0
10% mutation probability
8 48 55.321140 100
9 94 120.761698 100
10 352 374.764579 100
11 918 1034.159404 100
12 1663 1396.110501 100
13 3643 3442.175411 98
14 6495 4919.025109 86
15 9722 5799.129619 56
16 10208 5442.344727 34
17 14497 3807.161468 20
18 5446 6718.221565 4
19 12035 -nan 2
20 2478 -nan 2
21 0 0.000000 0
22 0 0.000000 0
23 0 0.000000 0
24 0 0.000000 0
25 0 0.000000 0
26 0 0.000000 0
27 0 0.000000 0
28 0 0.000000 0
29 0 0.000000 0
30 0 0.000000 0
20% mutation probability
8 32 41.608967 100
9 75 66.268625 100
10 250 294.432938 100
11 602 653.124594 100
12 1786 1529.695568 100
13 2683 2391.397177 98
14 5783 5117.032190 98
15 6900 4393.304466 48
16 9279 5257.946162 40
17 9005 6898.517884 22
18 5633 2320.017457 4
19 12875 5934.040108 4
20 0 0.000000 0
21 0 0.000000 0
22 0 0.000000 0
23 0 0.000000 0
24 0 0.000000 0
25 0 0.000000 0
26 0 0.000000 0
27 0 0.000000 0
28 0 0.000000 0
29 0 0.000000 0
30 0 0.000000 0
40% mutation probability
8 29 26.712758 100
9 61 65.184354 100
10 297 310.779927 100
11 760 791.033991 100
12 1227 1124.843935 100
13 3008 3070.984081 100
14 7390 4788.021896 82
15 6759 5889.810407 56
16 7990 6573.010717 20
17 9066 7744.336913 20
18 15157 8099.958518 6
19 13455 7344.718170 4
20 17330 1008.580190 6
21 0 0.000000 0
22 0 0.000000 0
23 0 0.000000 0
24 0 0.000000 0
25 0 0.000000 0
26 0 0.000000 0
27 0 0.000000 0
28 0 0.000000 0
29 0 0.000000 0
30 0 0.000000 0
60% mutation probability
8 24 24.806599 100
9 54 53.111742 100
10 241 224.292175 100
11 841 758.965757 100
12 1526 1372.096080 100
13 2998 3315.694343 98
14 6654 5305.117361 94
15 8893 5928.441827 70
16 8665 5649.788596 46
17 13894 5933.491071 16
18 8086 6890.755619 4
19 0 0.000000 0
20 13028 7162.099483 6
21 0 0.000000 0
22 0 0.000000 0
23 0 0.000000 0
24 0 0.000000 0
25 0 0.000000 0
26 0 0.000000 0
27 0 0.000000 0
28 0 0.000000 0
29 0 0.000000 0
30 0 0.000000 0
80% mutation probability
8 25 26.177573 100
9 59 66.243675 100
10 184 182.699597 100
11 815 854.960197 100
12 1588 1622.590245 100
13 3069 2582.920930 100
14 5919 4636.419167 92
15 8628 6137.642463 70
16 11772 5128.013358 36
17 9900 4327.375219 16
18 12629 6660.773791 10
19 15795 -nan 2
20 14314 -nan 2
21 16494 -nan 2
22 0 0.000000 0
23 0 0.000000 0
24 0 0.000000 0
25 0 0.000000 0
26 0 0.000000 0
27 0 0.000000 0
28 0 0.000000 0
29 0 0.000000 0
30 0 0.000000 0
100% mutation probability
8 33 32.558895 100
9 53 55.716667 100
10 187 195.303740 100
11 466 446.794342 100
12 1049 857.501163 100
13 3397 3503.957200 100
14 6657 4642.535916 92
15 8674 5780.910390 62
16 8371 4523.331615 40
17 10330 5114.740707 18
18 8552 9137.181020 6
19 10332 -nan 2
20 7999 -nan 2
21 13379 -nan 2
22 0 0.000000 0
23 0 0.000000 0
24 0 0.000000 0
25 0 0.000000 0
26 0 0.000000 0
27 0 0.000000 0
28 0 0.000000 0
29 0 0.000000 0
30 0 0.000000 0
