60% mutation probability
8 12 13.654632 100
9 27 31.395762 100
10 61 112.329508 100
11 91 134.219589 100
12 101 124.159706 100
13 100 175.920727 100
14 61 92.336452 100
15 148 222.980598 100
16 106 127.049805 100
17 192 317.937037 100
18 118 147.866942 100
19 117 172.610923 100
20 134 235.694458 100
21 123 151.667534 100
22 93 113.010023 100
23 203 389.096966 100
24 215 288.675936 100
25 346 743.624247 100
26 188 403.889003 100
27 240 520.534851 100
28 253 524.534371 100
29 231 357.913055 100
30 376 840.609521 100
80% mutation probability
8 7 9.220651 100
9 16 15.550445 100
10 19 18.018131 100
11 37 32.542594 100
12 43 40.019638 100
13 52 49.195570 100
14 44 47.389614 100
15 59 54.993506 100
16 51 43.907835 100
17 45 40.783650 100
18 67 58.908438 100
19 55 52.606937 100
20 73 71.478697 100
21 67 48.543269 100
22 74 59.566290 100
23 57 49.764343 100
24 79 101.253874 100
25 61 55.710806 100
26 59 50.322633 100
27 67 68.526324 100
28 91 85.747256 100
29 92 128.547379 100
30 65 33.219124 100
