1% mutation probability
8 12 12.577920 100
9 25 28.155545 100
10 87 84.508785 100
11 191 153.889438 100
12 314 247.453562 100
13 707 728.117337 100
14 1760 2064.586765 100
15 2972 2833.426566 98
16 4570 3717.927385 98
17 7109 5246.673756 74
18 7944 5640.564178 57
19 10457 5807.791967 32
20 9938 6855.600151 16
21 9373 6453.497889 8
22 7888 9394.976583 6
23 9414 10266.483380 4
24 0 0.000000 0
25 0 0.000000 0
26 0 0.000000 0
27 0 0.000000 0
28 0 0.000000 0
29 0 0.000000 0
30 0 0.000000 0
8 2528 4501.483065 96
9 2250 4784.701477 72
10 2859 4900.591558 60
11 2784 4618.819958 52
12 5485 6210.073754 57
13 2584 3898.208996 50
14 5149 5534.701372 46
15 5082 5354.371215 56
16 3412 4505.004368 52
17 5659 6349.983720 57
18 5105 6497.532415 52
19 3916 5831.325679 60
20 4817 5516.630089 54
21 4131 5788.241620 44
22 4422 4627.459449 44
23 4774 4959.082913 62
24 3969 5733.113429 36
25 3097 3962.358585 38
26 6045 6178.339930 44
27 6212 6305.398655 42
28 5694 6937.131552 50
29 4037 4158.623570 40
30 5001 5959.605879 44
5% mutation probability
8 749 1221.341526 100
9 1986 4081.990116 92
10 4030 5769.459656 88
11 1514 2990.515140 72
12 3930 4669.618258 82
13 3190 4454.487803 90
14 2688 3644.808717 74
15 3159 3993.265057 78
16 3084 4183.622627 80
17 3152 4337.657767 84
18 3660 5231.176989 80
19 2847 4246.937038 80
20 4041 5445.853936 70
21 4632 5211.879277 82
22 3132 5953.911354 70
23 3607 4718.422584 84
24 3852 5514.839423 74
25 3820 4894.230662 72
26 5041 5674.647574 72
27 5044 6014.682124 72
28 3436 4734.551051 78
29 3696 4099.290885 60
30 3930 3842.669623 74
10% mutation probability
8 263 541.594509 100
9 376 662.205946 100
10 2290 4157.103749 98
11 2198 3280.584273 96
12 1686 3243.564314 94
13 1904 3307.733250 98
14 3796 5488.866058 88
15 2497 4592.036270 98
16 2734 4667.879457 92
17 1500 3012.059675 88
18 1765 3513.681195 98
19 2184 2952.184863 92
20 2929 4196.353287 88
21 3006 4065.628303 90
22 2097 3996.114882 82
23 2740 4501.690590 86
24 3377 4982.699517 90
25 3206 4034.985454 80
26 2806 4141.344384 86
27 3345 4314.547250 82
28 2900 4277.286149 82
29 3123 4628.820015 90
30 3524 5737.378190 90
20% mutation probability
8 63 80.655731 100
9 129 256.019252 100
10 784 2007.403491 100
11 773 1069.726849 100
12 770 1290.731245 98
13 1086 2278.934546 98
14 1167 2334.426541 96
15 652 1118.845569 100
16 1765 3336.238822 98
17 1152 2325.721134 98
18 1764 2784.989290 94
19 1942 3750.060725 98
20 1924 3249.078812 98
21 1748 3041.752979 100
22 3088 4989.836417 100
23 2290 4037.131036 98
24 1629 2533.101270 98
25 2489 3795.767966 100
26 2084 3235.939440 98
27 1549 2620.069318 98
28 1775 3390.934165 100
29 1796 2701.815988 100
30 3346 4818.641289 96
40% mutation probability
8 14 21.364189 100
9 31 41.066149 100
10 63 65.064019 100
11 75 72.044912 100
12 114 108.901659 100
13 106 128.188318 100
14 123 120.169523 100
15 186 183.342882 100
16 193 157.959501 100
17 345 652.847530 100
18 256 304.966241 100
19 260 300.301345 100
20 327 357.199738 100
21 323 349.165974 100
22 315 264.822967 100
23 467 507.686228 100
24 588 1041.657921 100
25 374 372.081816 100
26 481 515.380719 100
27 474 583.092390 100
28 486 472.457902 100
29 664 696.455267 100
30 410 334.944376 100
60% mutation probability
8 12 11.565254 100
9 21 20.495395 100
10 70 50.500758 100
11 128 96.831750 100
12 188 198.886595 100
13 243 255.675616 100
14 556 521.198423 100
15 693 654.560126 100
16 1339 1349.127813 100
17 2498 2306.348205 100
18 4496 4688.329127 98
19 6280 5078.338967 90
20 7669 5384.336376 70
21 7859 5243.447534 50
22 9103 6136.356421 34
23 10431 6297.361602 16
24 7381 6783.070323 6
25 11919 4179.381174 6
26 15306 -nan 2
27 12061 -nan 2
28 0 0.000000 0
29 0 0.000000 0
30 0 0.000000 0
80% mutation probability
8 16 17.296927 100
9 17 18.679357 100
10 61 71.095796 100
11 145 165.982111 100
12 260 253.047063 100
13 445 341.341292 100
14 1153 1307.651634 100
15 1975 2096.990818 100
16 3100 2556.883095 100
17 6653 5482.934809 98
18 8423 6076.131246 74
19 10184 4778.554934 48
20 10223 7871.291937 18
21 9631 5806.650541 6
22 18437 -nan 2
23 14155 -nan 2
24 0 0.000000 0
25 0 0.000000 0
26 0 0.000000 0
27 0 0.000000 0
28 15682 -nan 2
29 0 0.000000 0
30 0 0.000000 0
100% mutation probability
8 13 12.217418 100
9 23 24.292016 100
10 86 91.904787 100
11 264 266.657236 100
12 401 444.967460 100
13 540 547.174412 100
14 1162 1203.054565 100
15 2470 2403.134666 100
16 4870 3986.733970 98
17 6865 5052.133189 78
18 7606 4852.201685 54
19 10933 6256.765895 28
20 7547 4674.770012 14
21 14401 2890.556910 10
22 0 0.000000 0
23 14879 -nan 2
24 0 0.000000 0
25 0 0.000000 0
26 0 0.000000 0
27 0 0.000000 0
28 0 0.000000 0
29 0 0.000000 0
30 0 0.000000 0
