1% mutation probability
8 549 637.298171 100
9 645 736.223846 100
10 2361 1972.801825 100
11 4633 4393.975787 94
12 7761 5431.773608 92
13 8082 5424.008754 60
14 7736 5589.839108 34
15 10370 6913.055258 20
16 7274 6177.662503 10
17 5516 4016.174175 6
18 1028 -nan 2
19 12740 -nan 2
20 6443 -nan 2
21 0 0.000000 0
22 0 0.000000 0
23 0 0.000000 0
24 0 0.000000 0
25 0 0.000000 0
26 0 0.000000 0
27 0 0.000000 0
28 0 0.000000 0
29 0 0.000000 0
30 0 0.000000 0
5% mutation probability
8 91 110.766716 100
9 133 157.514884 100
10 546 534.398059 100
11 1567 1439.027159 100
12 2434 2129.123581 100
13 3881 4098.713208 100
14 8039 5114.663673 88
15 8845 6169.379693 50
16 7920 5622.932379 28
17 9483 7657.712942 14
18 9319 4566.495593 4
19 0 0.000000 0
20 0 0.000000 0
21 0 0.000000 0
22 0 0.000000 0
23 0 0.000000 0
24 0 0.000000 0
25 0 0.000000 0
26 0 0.000000 0
27 0 0.000000 0
28 0 0.000000 0
29 0 0.000000 0
30 0 0.000000 0
10% mutation probability
8 48 55.321140 100
9 94 120.761698 100
10 352 374.764579 100
11 918 1034.159404 100
12 1663 1396.110501 100
13 3643 3442.175411 98
14 6495 4919.025109 86
15 9722 5799.129619 56
16 10208 5442.344727 34
17 14497 3807.161468 20
18 5446 6718.221565 4
19 12035 -nan 2
20 2478 -nan 2
21 0 0.000000 0
22 0 0.000000 0
23 0 0.000000 0
24 0 0.000000 0
25 0 0.000000 0
26 0 0.000000 0
27 0 0.000000 0
28 0 0.000000 0
29 0 0.000000 0
30 0 0.000000 0
20% mutation probability
8 32 41.608967 100
9 75 66.268625 100
10 250 294.432938 100
11 602 653.124594 100
12 1786 1529.695568 100
13 2683 2391.397177 98
14 5783 5117.032190 98
15 6900 4393.304466 48
16 9279 5257.946162 40
17 9005 6898.517884 22
18 5633 2320.017457 4
19 12875 5934.040108 4
20 0 0.000000 0
21 0 0.000000 0
22 0 0.000000 0
23 0 0.000000 0
24 0 0.000000 0
25 0 0.000000 0
26 0 0.000000 0
27 0 0.000000 0
28 0 0.000000 0
29 0 0.000000 0
30 0 0.000000 0
40% mutation probability
8 29 26.712758 100
9 61 65.184354 100
10 297 310.779927 100
11 760 791.033991 100
12 1227 1124.843935 100
13 3008 3070.984081 100
14 7390 4788.021896 82
15 6759 5889.810407 56
16 7990 6573.010717 20
17 9066 7744.336913 20
18 15157 8099.958518 6
19 13455 7344.718170 4
20 17330 1008.580190 6
21 0 0.000000 0
22 0 0.000000 0
23 0 0.000000 0
24 0 0.000000 0
25 0 0.000000 0
26 0 0.000000 0
27 0 0.000000 0
28 0 0.000000 0
29 0 0.000000 0
30 0 0.000000 0
60% mutation probability
8 24 24.806599 100
9 54 53.111742 100
10 241 224.292175 100
11 841 758.965757 100
12 1526 1372.096080 100
13 2998 3315.694343 98
14 6654 5305.117361 94
15 8893 5928.441827 70
16 8665 5649.788596 46
17 13894 5933.491071 16
18 8086 6890.755619 4
19 0 0.000000 0
20 13028 7162.099483 6
21 0 0.000000 0
22 0 0.000000 0
23 0 0.000000 0
24 0 0.000000 0
25 0 0.000000 0
26 0 0.000000 0
27 0 0.000000 0
28 0 0.000000 0
29 0 0.000000 0
30 0 0.000000 0
80% mutation probability
8 25 26.177573 100
9 59 66.243675 100
10 184 182.699597 100
11 815 854.960197 100
12 1588 1622.590245 100
13 3069 2582.920930 100
14 5919 4636.419167 92
15 8628 6137.642463 70
16 11772 5128.013358 36
17 9900 4327.375219 16
18 12629 6660.773791 10
19 15795 -nan 2
20 14314 -nan 2
21 16494 -nan 2
22 0 0.000000 0
23 0 0.000000 0
24 0 0.000000 0
25 0 0.000000 0
26 0 0.000000 0
27 0 0.000000 0
28 0 0.000000 0
29 0 0.000000 0
30 0 0.000000 0
100% mutation probability
8 33 32.558895 100
9 53 55.716667 100
10 187 195.303740 100
11 466 446.794342 100
12 1049 857.501163 100
13 3397 3503.957200 100
14 6657 4642.535916 92
15 8674 5780.910390 62
16 8371 4523.331615 40
17 10330 5114.740707 18
18 8552 9137.181020 6
19 10332 -nan 2
20 7999 -nan 2
21 13379 -nan 2
22 0 0.000000 0
23 0 0.000000 0
24 0 0.000000 0
25 0 0.000000 0
26 0 0.000000 0
27 0 0.000000 0
28 0 0.000000 0
29 0 0.000000 0
30 0 0.000000 0
1% mutation probability
8 1684 3503.263287 96
9 2647 4166.648059 86
10 3186 4086.909091 50
11 4081 5343.039381 60
12 3461 5476.252164 62
13 3428 4829.909683 46
14 2495 4671.812263 57
15 4622 5143.163431 52
16 3547 5665.741314 52
17 4040 5422.377383 48
18 3885 4037.828953 66
19 6161 6486.172499 46
20 4312 5103.006138 52
21 7146 7175.226987 34
22 3340 3722.036722 52
23 5767 6267.259614 60
24 4243 4666.283848 46
25 1542 2023.663902 36
26 4163 4770.651413 44
27 3485 4286.656207 52
28 5704 5477.973220 42
29 3807 4264.266821 52
30 3522 4162.369769 44
5% mutation probability
8 1068 2219.984248 98
9 1163 2289.881500 100
10 3616 5007.567461 86
11 1718 2346.736148 82
12 3128 4631.344585 86
13 3672 5535.332036 82
14 3051 4011.293563 82
15 3005 4164.944073 78
16 3644 3920.575481 80
17 5201 5956.389285 72
18 4197 5367.882875 70
19 3311 4750.168927 64
20 3023 4378.256163 82
21 4199 5935.318249 57
22 3251 4702.040564 92
23 5444 5920.194557 76
24 3773 5162.277750 76
25 3953 4893.610586 72
26 2344 3111.982549 70
27 4528 5796.918583 76
28 2873 3983.971236 74
29 2377 3519.603903 62
30 2914 4479.711508 74
10% mutation probability
8 240 511.021587 98
9 823 2568.995345 98
10 1681 2874.795356 96
11 3306 4630.377608 90
12 1747 3222.079004 96
13 1213 3255.786641 88
14 2511 3690.743026 96
15 1771 2957.552753 92
16 2323 3132.928016 94
17 1630 3068.957152 86
18 2782 3938.737655 84
19 2150 3085.584913 88
20 2326 3927.577880 88
21 2398 4369.194103 92
22 2382 3618.948523 94
23 2837 4017.646284 92
24 4282 5472.550306 86
25 3096 4545.226044 98
26 1372 1815.506111 84
27 3006 4407.684355 88
28 3588 4583.275908 80
29 2840 3883.814652 82
30 2188 3568.996314 80
20% mutation probability
8 65 128.371273 100
9 126 257.501298 100
10 712 2253.864903 100
11 726 1684.311259 98
12 426 758.236057 100
13 1126 2797.084076 100
14 1222 2975.954554 100
15 1461 2526.658766 98
16 1144 1705.859589 98
17 1350 3094.537823 96
18 687 1320.009399 98
19 1452 2412.192074 98
20 1239 2291.976553 94
21 1412 2875.143573 98
22 1806 3803.532140 94
23 1362 2612.506093 96
24 1403 2255.667090 96
25 1519 2150.942409 100
26 1366 2680.840992 96
27 2393 4258.140596 98
28 1757 2601.572161 98
29 2330 3724.515791 98
30 1855 3168.510228 98
40% mutation probability
8 12 13.453624 100
9 27 29.910410 100
10 65 66.047138 100
11 88 92.703169 100
12 86 99.754392 100
13 169 213.774438 100
14 178 171.774175 100
15 204 234.945673 100
16 225 234.652239 100
17 263 289.905579 100
18 234 252.813394 100
19 359 489.598753 100
20 262 251.505792 100
21 406 504.210678 100
22 402 414.019052 100
23 431 552.051314 100
24 457 587.205992 100
25 472 530.364218 100
26 504 572.538654 100
27 627 1596.255561 100
28 428 354.867955 100
29 542 471.812376 100
30 544 470.458092 100
60% mutation probability
8 15 19.229548 100
9 22 22.139631 100
10 68 92.950942 100
11 107 107.136857 100
12 154 134.291793 100
13 265 298.342428 100
14 468 403.953397 100
15 803 861.527298 100
16 1341 1362.075682 100
17 2776 2338.182414 100
18 4168 4275.208786 100
19 6561 5489.648436 86
20 7180 5300.423550 66
21 10886 5836.366033 62
22 11332 5747.217100 38
23 7812 7262.341622 26
24 9853 1990.964716 10
25 8548 3542.318591 6
26 9183 7729.791977 6
27 0 0.000000 0
28 6096 -nan 2
29 0 0.000000 0
30 0 0.000000 0
80% mutation probability
8 14 13.099307 100
9 22 31.019415 100
10 84 85.856073 100
11 137 102.122176 100
12 219 207.362986 100
13 464 361.568635 100
14 1232 1453.666252 100
15 1423 1328.857120 100
16 3958 3876.426326 100
17 6367 5124.489847 94
18 7361 6345.729075 80
19 8815 4983.089830 50
20 9659 5606.620770 28
21 9466 6185.531279 12
22 11873 4038.881322 8
23 8243 2355.372794 4
24 0 0.000000 0
25 0 0.000000 0
26 0 0.000000 0
27 0 0.000000 0
28 0 0.000000 0
29 0 0.000000 0
30 0 0.000000 0
100% mutation probability
8 10 12.739141 100
9 25 24.803308 100
10 77 75.128597 100
11 187 194.528367 100
12 340 313.906102 100
13 727 709.044471 100
14 1168 1350.054232 100
15 2519 2301.825553 100
16 6152 4650.252177 98
17 7537 5504.657321 74
18 8570 6207.797532 52
19 6874 5793.339498 32
20 8879 6853.149258 10
21 13285 8022.126464 4
22 0 0.000000 0
23 14434 -nan 2
24 10554 2234.457429 4
25 0 0.000000 0
26 0 0.000000 0
27 0 0.000000 0
28 0 0.000000 0
29 0 0.000000 0
30 0 0.000000 0
60% mutation probability
8 12 13.890240 100
9 20 18.647646 100
10 74 69.430482 100
11 108 98.165728 100
12 166 165.426844 100
13 257 284.474453 100
14 372 346.428984 100
15 614 615.697448 100
16 1499 1419.168152 100
17 2183 2296.200411 100
18 5141 4373.310364 98
19 7090 5168.494877 92
20 7437 5391.239855 80
21 9020 6466.966704 48
22 7226 5755.710315 28
23 9403 7620.045641 16
24 10172 6436.027754 10
25 5114 3813.511833 6
26 10412 11134.103377 4
27 16280 -nan 2
28 18600 527.501659 4
29 0 0.000000 0
30 0 0.000000 0
80% mutation probability
8 14 15.873865 100
9 21 17.259721 100
10 74 60.564016 100
11 181 165.871539 100
12 259 248.020119 100
13 564 621.810113 100
14 920 914.765477 100
15 1655 1540.031056 100
16 3677 4468.253868 100
17 7131 4884.360770 92
18 6917 5304.050317 78
19 8218 5071.736277 62
20 10362 5076.935099 42
21 5425 2872.831965 14
22 15862 4404.619791 10
23 1350 1331.946508 6
24 0 0.000000 0
25 0 0.000000 0
26 0 0.000000 0
27 0 0.000000 0
28 0 0.000000 0
29 0 0.000000 0
30 0 0.000000 0
