1% mutation probability
8 3370 5118.666481 86
9 2560 4411.519299 74
10 3089 4857.624819 54
11 3347 5579.832851 57
12 3656 5085.629610 62
13 4554 5449.947360 56
14 5932 6320.661716 44
15 1795 3227.778501 42
16 5433 6038.441484 60
17 4436 5066.213069 44
18 4692 5399.033154 44
19 4725 6582.136355 46
20 3610 4781.391302 48
21 3786 4968.424637 34
22 4785 5983.914653 44
23 7079 6958.216373 46
24 4137 5677.548649 50
25 4403 4736.275408 48
26 5214 7066.656140 36
27 4031 4892.740020 44
28 2978 3572.230442 38
29 3346 4340.576679 46
30 3932 4701.040317 36
5% mutation probability
8 824 2929.916534 100
9 1500 3054.815341 96
10 3562 4666.656475 94
11 2998 4546.134167 78
12 3253 4967.100422 68
13 4106 5407.422974 82
14 3213 5339.877489 92
15 3895 5878.782587 78
16 2811 3032.617524 84
17 1593 2229.900234 78
18 3002 4823.453345 72
19 3490 5854.025187 72
20 4676 6014.399180 78
21 4306 6083.024365 72
22 2918 4038.675205 70
23 2266 3431.222498 62
24 5944 6300.135009 62
25 3681 4918.958254 82
26 4046 5469.080980 70
27 4014 5604.747773 72
28 2945 4454.717688 84
29 4047 5580.376421 78
30 4413 5364.740084 72
10% mutation probability
8 295 505.365315 100
9 1196 3246.492830 94
10 1955 3873.915188 90
11 3053 4343.787574 88
12 2093 2771.735964 88
13 1557 3010.018666 88
14 2529 3510.924900 88
15 2831 4329.405754 88
16 3110 3915.827458 96
17 3156 4968.190483 88
18 2609 3992.475915 90
19 1634 3159.012249 94
20 2534 3728.970276 96
21 1885 3171.831943 80
22 2249 3767.910271 86
23 3328 4828.142992 90
24 3582 5094.709495 90
25 3008 4474.934577 88
26 2656 4061.741100 86
27 2124 4043.793044 80
28 2174 2908.422585 90
29 2807 3849.975039 82
30 1466 1779.079186 82
20% mutation probability
8 114 208.696929 100
9 90 219.345998 98
10 1947 3999.872072 96
11 1373 2489.578264 92
12 1105 2044.460035 98
13 1616 2449.907957 96
14 1487 2331.387154 98
15 1109 2267.120357 92
16 1824 3013.747117 98
17 2196 4609.470213 98
18 1610 2910.187817 96
19 1460 2901.450513 100
20 1777 2969.967580 96
21 1362 2383.790505 94
22 1202 2259.560143 100
23 1595 2804.358735 94
24 3023 4755.567834 92
25 1957 3659.971405 98
26 1356 2758.477416 94
27 1532 2927.009641 98
28 2078 4123.938283 98
29 1855 2867.365781 98
30 2704 4721.358802 96
40% mutation probability
8 41 99.215906 100
9 55 91.171770 98
10 261 423.966488 98
11 311 641.806130 94
12 435 939.817192 98
13 279 587.650441 100
14 430 1153.074559 100
15 636 1514.682947 100
16 702 2374.308926 100
17 358 764.503747 96
18 530 1043.844943 100
19 509 1017.120537 98
20 846 1691.307253 100
21 934 1773.259596 96
22 411 807.152667 100
23 788 2710.354066 100
24 675 1800.294704 98
25 772 1967.489704 100
26 749 1804.231285 100
27 490 1173.810366 100
28 345 465.527899 100
29 644 1710.025946 100
30 729 1594.978095 100
60% mutation probability
8 14 18.205180 100
9 31 40.650828 100
10 90 150.101870 100
11 58 61.817704 100
12 272 1201.830245 100
13 84 109.375313 100
14 141 215.376076 98
15 130 173.415803 100
16 123 153.285137 98
17 87 126.379652 100
18 149 230.386322 100
19 119 180.337778 100
20 147 215.967448 100
21 115 183.086240 100
22 224 436.881341 100
23 159 262.306595 98
24 338 565.232894 100
25 337 861.304599 100
26 209 359.783864 100
27 317 516.369667 100
28 310 838.893586 100
29 147 206.424617 100
30 299 566.156880 100
80% mutation probability
8 9 8.321352 100
9 13 12.183964 100
10 21 19.636492 100
11 44 54.033625 100
12 41 34.493714 100
13 52 59.304644 100
14 50 48.506890 100
15 44 38.325938 100
16 63 62.801599 100
17 66 63.838444 100
18 52 38.400415 100
19 54 55.655097 100
20 56 39.056735 100
21 63 82.369377 100
22 64 51.129887 100
23 66 50.736615 100
24 64 79.391949 100
25 61 54.470175 100
26 86 106.523256 100
27 70 62.932098 100
28 71 60.164570 100
29 70 68.054600 100
30 77 93.579498 100
100% mutation probability
8 9 8.049591 100
9 12 13.355424 100
10 31 24.095473 100
11 54 42.407643 100
12 60 69.602369 100
13 120 131.802651 100
14 154 154.473233 100
15 172 165.831240 100
16 252 254.682916 100
17 384 438.426453 100
18 372 335.283036 100
19 535 445.512317 100
20 661 685.343173 100
21 623 575.834266 100
22 1236 1207.477012 100
23 1432 1292.327058 100
24 1471 1257.344123 100
25 1229 1085.340058 100
26 2184 2195.688837 100
27 2717 3285.897455 100
28 2228 2907.034954 100
29 3510 3576.771720 100
30 3036 3198.588968 100
